4.247606e-07, 4.304568e-07, 4.361536e-07, 4.418556e-07, 4.475648e-07, 4.53282e-07, 4.590062e-07, 4.647351e-07, 4.704658e-07, 4.761948e-07, 4.819179e-07, 4.876306e-07, 4.9403e-07, 4.997119e-07, 5.053602e-07, 5.109785e-07, 5.16562e-07, 5.221058e-07, 5.276052e-07, 5.330557e-07, 5.384528e-07, 5.437923e-07, 5.490701e-07, 5.542825e-07, 5.594257e-07, 5.644964e-07, 5.694915e-07, 5.74408e-07, 5.792433e-07, 5.839951e-07, 5.886612e-07, 5.932398e-07, 5.977294e-07, 6.021289e-07, 6.064374e-07, 6.106541e-07, 6.147801e-07,output_tran/tran_SchGtKttmmTtVt
4.765662e-07, 4.84951e-07, 4.93282e-07, 5.015558e-07, 5.097684e-07, 5.17915e-07, 5.259906e-07, 5.339897e-07, 5.419067e-07, 5.497361e-07, 5.574723e-07, 5.651096e-07, 5.733619e-07, 5.807815e-07, 5.880859e-07, 5.952705e-07, 6.023306e-07, 6.092617e-07, 6.160595e-07, 6.2272e-07, 6.292395e-07, 6.356144e-07, 6.418415e-07, 6.479179e-07, 6.53841e-07, 6.596085e-07, 6.652183e-07, 6.706689e-07, 6.75959e-07, 6.810876e-07, 6.86054e-07, 6.908582e-07, 6.955002e-07, 6.999807e-07, 7.043006e-07, 7.084615e-07, 7.124649e-07,output_tran/tran_SchGtKttmmTtVt_1
4.864858e-07, 4.92359e-07, 4.982091e-07, 5.040419e-07, 5.098615e-07, 5.156699e-07, 5.214681e-07, 5.272558e-07, 5.330318e-07, 5.387944e-07, 5.44541e-07, 5.509901e-07, 5.566919e-07, 5.623681e-07, 5.680156e-07, 5.736308e-07, 5.792103e-07, 5.847504e-07, 5.902477e-07, 5.956987e-07, 6.011001e-07, 6.064485e-07, 6.11741e-07, 6.169743e-07, 6.221458e-07, 6.272527e-07, 6.322924e-07, 6.372625e-07, 6.421608e-07, 6.469853e-07, 6.517341e-07, 6.564054e-07, 6.60998e-07, 6.655106e-07, 6.699422e-07, 6.742919e-07, 6.785602e-07,output_tran/tran_SchGtKttmmTtVt_2
3.766142e-07, 3.839293e-07, 3.912353e-07, 3.985294e-07, 4.058083e-07, 4.130682e-07, 4.203047e-07, 4.275134e-07, 4.346899e-07, 4.418297e-07, 4.489284e-07, 4.566708e-07, 4.636931e-07, 4.706393e-07, 4.775279e-07, 4.843554e-07, 4.911185e-07, 4.978138e-07, 5.044383e-07, 5.109891e-07, 5.174633e-07, 5.238585e-07, 5.301723e-07, 5.364024e-07, 5.425468e-07, 5.486036e-07, 5.545712e-07, 5.60448e-07, 5.662326e-07, 5.719238e-07, 5.775207e-07, 5.830225e-07, 5.884285e-07, 5.937385e-07, 5.989522e-07, 6.0407e-07, 6.090923e-07,output_tran/tran_SchGtKttmmTtVt_3
5.244132e-07, 5.311053e-07, 5.377825e-07, 5.444456e-07, 5.510942e-07, 5.577266e-07, 5.643401e-07, 5.709315e-07, 5.774967e-07, 5.847543e-07, 5.91264e-07, 5.977192e-07, 6.041293e-07, 6.104895e-07, 6.16795e-07, 6.230408e-07, 6.292221e-07, 6.353343e-07, 6.413727e-07, 6.473329e-07, 6.532108e-07, 6.590023e-07, 6.647035e-07, 6.703109e-07, 6.758211e-07, 6.812308e-07, 6.865373e-07, 6.917377e-07, 6.968297e-07, 7.018111e-07, 7.066801e-07, 7.114349e-07, 7.160744e-07, 7.205976e-07, 7.250037e-07, 7.292931e-07, 7.334656e-07,output_tran/tran_SchGtKttmmTtVt_4
4.066043e-07, 4.132159e-07, 4.19808e-07, 4.263834e-07, 4.329432e-07, 4.394872e-07, 4.460144e-07, 4.525228e-07, 4.5901e-07, 4.65473e-07, 4.726035e-07, 4.790296e-07, 4.853954e-07, 4.917228e-07, 4.980083e-07, 5.042483e-07, 5.104393e-07, 5.165777e-07, 5.226602e-07, 5.286836e-07, 5.346447e-07, 5.405407e-07, 5.463685e-07, 5.521257e-07, 5.578097e-07, 5.634183e-07, 5.689492e-07, 5.744005e-07, 5.797704e-07, 5.850572e-07, 5.902595e-07, 5.953761e-07, 6.00406e-07, 6.053483e-07, 6.102022e-07, 6.149684e-07, 6.196464e-07,output_tran/tran_SchGtKttmmTtVt_5
5.286772e-07, 5.334673e-07, 5.382991e-07, 5.431782e-07, 5.481073e-07, 5.530872e-07, 5.581167e-07, 5.631938e-07, 5.683151e-07, 5.73477e-07, 5.786749e-07, 5.839042e-07, 5.898792e-07, 5.951525e-07, 6.004417e-07, 6.057419e-07, 6.110483e-07, 6.163561e-07, 6.216603e-07, 6.269563e-07, 6.322397e-07, 6.375058e-07, 6.427506e-07, 6.479699e-07, 6.531597e-07, 6.583164e-07, 6.634363e-07, 6.685158e-07, 6.735519e-07, 6.785413e-07, 6.834811e-07, 6.883686e-07, 6.932014e-07, 6.97977e-07, 7.026936e-07, 7.073495e-07, 7.119431e-07,output_tran/tran_SchGtKttmmTtVt_6
4.569365e-07, 4.620807e-07, 4.672258e-07, 4.723808e-07, 4.775519e-07, 4.827429e-07, 4.879557e-07, 4.931911e-07, 4.984483e-07, 5.03726e-07, 5.090222e-07, 5.150455e-07, 5.203768e-07, 5.257079e-07, 5.31046e-07, 5.36388e-07, 5.417308e-07, 5.470713e-07, 5.524063e-07, 5.577328e-07, 5.630481e-07, 5.683493e-07, 5.736337e-07, 5.788987e-07, 5.841418e-07, 5.893609e-07, 5.945535e-07, 5.997176e-07, 6.04851e-07, 6.099519e-07, 6.150184e-07, 6.200488e-07, 6.250415e-07, 6.299949e-07, 6.349079e-07, 6.39779e-07, 6.446083e-07,output_tran/tran_SchGtKttmmTtVt_7
4.329791e-07, 4.386029e-07, 4.442653e-07, 4.499687e-07, 4.557137e-07, 4.614993e-07, 4.673231e-07, 4.731819e-07, 4.790713e-07, 4.849868e-07, 4.909229e-07, 4.975895e-07, 5.035463e-07, 5.095063e-07, 5.154638e-07, 5.214132e-07, 5.273485e-07, 5.332641e-07, 5.391544e-07, 5.450138e-07, 5.508371e-07, 5.566192e-07, 5.623551e-07, 5.680402e-07, 5.7367e-07, 5.792403e-07, 5.847472e-07, 5.901869e-07, 5.95556e-07, 6.008515e-07, 6.060704e-07, 6.112102e-07, 6.162689e-07, 6.212446e-07, 6.261359e-07, 6.309415e-07, 6.356619e-07,output_tran/tran_SchGtKttmmTtVt_8
6.158123e-07, 6.215134e-07, 6.270927e-07, 6.325748e-07, 6.379783e-07, 6.433169e-07, 6.48601e-07, 6.538381e-07, 6.590336e-07, 6.641912e-07, 6.700365e-07, 6.75136e-07, 6.801895e-07, 6.852062e-07, 6.901889e-07, 6.951367e-07, 7.000484e-07, 7.049225e-07, 7.097575e-07, 7.145515e-07, 7.193029e-07, 7.240098e-07, 7.286704e-07, 7.332829e-07, 7.378455e-07, 7.423566e-07, 7.468144e-07, 7.512172e-07, 7.555637e-07, 7.598522e-07, 7.640814e-07, 7.682501e-07, 7.72357e-07, 7.764011e-07, 7.803816e-07, 7.842975e-07, 7.88149e-07,output_tran/tran_SchGtKttmmTtVt_9
4.862034e-07, 4.914348e-07, 4.966663e-07, 5.019049e-07, 5.071557e-07, 5.124212e-07, 5.177025e-07, 5.22999e-07, 5.28309e-07, 5.336299e-07, 5.389585e-07, 5.45012e-07, 5.503404e-07, 5.556631e-07, 5.60976e-07, 5.662744e-07, 5.715535e-07, 5.768084e-07, 5.820344e-07, 5.872268e-07, 5.923808e-07, 5.974922e-07, 6.025566e-07, 6.075698e-07, 6.12528e-07, 6.174276e-07, 6.22265e-07, 6.270371e-07, 6.317408e-07, 6.363734e-07, 6.409324e-07, 6.454158e-07, 6.498216e-07, 6.541482e-07, 6.583946e-07, 6.625595e-07, 6.666435e-07,output_tran/tran_SchGtKttmmTtVt_10
4.647713e-07, 4.701464e-07, 4.755418e-07, 4.80961e-07, 4.864059e-07, 4.918764e-07, 4.973706e-07, 5.028859e-07, 5.084187e-07, 5.139646e-07, 5.195189e-07, 5.250765e-07, 5.313472e-07, 5.368917e-07, 5.424225e-07, 5.479346e-07, 5.534229e-07, 5.588822e-07, 5.643073e-07, 5.696934e-07, 5.750358e-07, 5.803298e-07, 5.855712e-07, 5.907559e-07, 5.9588e-07, 6.009399e-07, 6.059321e-07, 6.108537e-07, 6.157016e-07, 6.204732e-07, 6.251663e-07, 6.297787e-07, 6.343088e-07, 6.38755e-07, 6.431164e-07, 6.473917e-07, 6.515821e-07,output_tran/tran_SchGtKttmmTtVt_11
6.5369e-07, 6.588013e-07, 6.638639e-07, 6.688903e-07, 6.7389e-07, 6.788694e-07, 6.83833e-07, 6.887834e-07, 6.93722e-07, 6.993893e-07, 7.043046e-07, 7.092012e-07, 7.140826e-07, 7.189469e-07, 7.237916e-07, 7.286142e-07, 7.334121e-07, 7.381826e-07, 7.429228e-07, 7.476299e-07, 7.523014e-07, 7.569345e-07, 7.615267e-07, 7.660753e-07, 7.705781e-07, 7.750327e-07, 7.79437e-07, 7.837888e-07, 7.880862e-07, 7.923273e-07, 7.965104e-07, 8.00634e-07, 8.046966e-07, 8.086969e-07, 8.12634e-07, 8.165068e-07, 8.203153e-07,output_tran/tran_SchGtKttmmTtVt_12
6.349859e-07, 6.389549e-07, 6.428612e-07, 6.467258e-07, 6.50565e-07, 6.54391e-07, 6.582131e-07, 6.620378e-07, 6.658699e-07, 6.704398e-07, 6.743003e-07, 6.781644e-07, 6.820371e-07, 6.859202e-07, 6.898121e-07, 6.937105e-07, 6.976131e-07, 7.015171e-07, 7.054195e-07, 7.093175e-07, 7.13208e-07, 7.170879e-07, 7.209542e-07, 7.248039e-07, 7.286342e-07, 7.32442e-07, 7.362248e-07, 7.399797e-07, 7.437043e-07, 7.473961e-07, 7.510529e-07, 7.546723e-07, 7.582526e-07, 7.617917e-07, 7.652881e-07, 7.687403e-07, 7.721476e-07,output_tran/tran_SchGtKttmmTtVt_13
5.423832e-07, 5.446691e-07, 5.469889e-07, 5.493617e-07, 5.518019e-07, 5.543199e-07, 5.569226e-07, 5.596144e-07, 5.623973e-07, 5.65272e-07, 5.682375e-07, 5.720148e-07, 5.751506e-07, 5.783688e-07, 5.816657e-07, 5.850373e-07, 5.884791e-07, 5.919867e-07, 5.955556e-07, 5.991811e-07, 6.028587e-07, 6.065839e-07, 6.103523e-07, 6.141596e-07, 6.180016e-07, 6.218742e-07, 6.257732e-07, 6.296949e-07, 6.336353e-07, 6.375909e-07, 6.415579e-07, 6.455329e-07, 6.495125e-07, 6.534936e-07, 6.574732e-07, 6.614484e-07, 6.654171e-07,output_tran/tran_SchGtKttmmTtVt_14
4.090077e-07, 4.133897e-07, 4.178243e-07, 4.223181e-07, 4.268751e-07, 4.31497e-07, 4.361838e-07, 4.409341e-07, 4.457451e-07, 4.506136e-07, 4.555353e-07, 4.612111e-07, 4.662308e-07, 4.712804e-07, 4.763641e-07, 4.814771e-07, 4.866143e-07, 4.917708e-07, 4.969419e-07, 5.021229e-07, 5.073094e-07, 5.124968e-07, 5.176812e-07, 5.228583e-07, 5.280245e-07, 5.331759e-07, 5.383092e-07, 5.434209e-07, 5.485078e-07, 5.53567e-07, 5.585956e-07, 5.63591e-07, 5.685506e-07, 5.734723e-07, 5.783541e-07, 5.83194e-07, 5.879915e-07,output_tran/tran_SchGtKttmmTtVt_15
6.509343e-07, 6.562174e-07, 6.614945e-07, 6.667684e-07, 6.720416e-07, 6.773155e-07, 6.825904e-07, 6.878659e-07, 6.931406e-07, 6.984125e-07, 7.044032e-07, 7.096738e-07, 7.14916e-07, 7.201428e-07, 7.253508e-07, 7.305362e-07, 7.356953e-07, 7.408241e-07, 7.45919e-07, 7.509762e-07, 7.559922e-07, 7.609634e-07, 7.658864e-07, 7.70758e-07, 7.75575e-07, 7.803346e-07, 7.850338e-07, 7.8967e-07, 7.942407e-07, 7.987436e-07, 8.031765e-07, 8.075375e-07, 8.118247e-07, 8.160367e-07, 8.201723e-07, 8.2423e-07, 8.2821e-07,output_tran/tran_SchGtKttmmTtVt_16
5.598778e-07, 5.640678e-07, 5.682652e-07, 5.724807e-07, 5.767226e-07, 5.809964e-07, 5.853054e-07, 5.896509e-07, 5.940331e-07, 5.984508e-07, 6.029019e-07, 6.081113e-07, 6.126159e-07, 6.171434e-07, 6.216901e-07, 6.262517e-07, 6.308238e-07, 6.35402e-07, 6.399817e-07, 6.445585e-07, 6.491282e-07, 6.536864e-07, 6.58229e-07, 6.62752e-07, 6.672515e-07, 6.71724e-07, 6.761658e-07, 6.805736e-07, 6.849442e-07, 6.892747e-07, 6.935623e-07, 6.978043e-07, 7.019983e-07, 7.061423e-07, 7.102344e-07, 7.142729e-07, 7.18257e-07,output_tran/tran_SchGtKttmmTtVt_17
3.87019e-07, 3.933452e-07, 3.996966e-07, 4.06073e-07, 4.124733e-07, 4.188949e-07, 4.253343e-07, 4.317874e-07, 4.382496e-07, 4.447157e-07, 4.511805e-07, 4.581878e-07, 4.647927e-07, 4.712163e-07, 4.776161e-07, 4.839868e-07, 4.903232e-07, 4.966199e-07, 5.028718e-07, 5.090739e-07, 5.152215e-07, 5.213098e-07, 5.273345e-07, 5.332913e-07, 5.391762e-07, 5.449855e-07, 5.507155e-07, 5.563631e-07, 5.619252e-07, 5.673989e-07, 5.72782e-07, 5.780721e-07, 5.832675e-07, 5.883667e-07, 5.933685e-07, 5.982723e-07, 6.030777e-07,output_tran/tran_SchGtKttmmTtVt_18
5.41468e-07, 5.464285e-07, 5.513836e-07, 5.563418e-07, 5.613091e-07, 5.662899e-07, 5.71286e-07, 5.762982e-07, 5.813256e-07, 5.863662e-07, 5.914171e-07, 5.964748e-07, 6.022545e-07, 6.073086e-07, 6.123556e-07, 6.173906e-07, 6.224086e-07, 6.274044e-07, 6.323728e-07, 6.373087e-07, 6.422072e-07, 6.470633e-07, 6.518723e-07, 6.566298e-07, 6.613314e-07, 6.659731e-07, 6.70551e-07, 6.750616e-07, 6.795014e-07, 6.838674e-07, 6.881569e-07, 6.923674e-07, 6.964967e-07, 7.00543e-07, 7.045048e-07, 7.083808e-07, 7.121713e-07,output_tran/tran_SchGtKttmmTtVt_19
6.542389e-07, 6.575026e-07, 6.608233e-07, 6.642115e-07, 6.676742e-07, 6.712156e-07, 6.748374e-07, 6.785392e-07, 6.823195e-07, 6.861752e-07, 6.908357e-07, 6.948288e-07, 6.988793e-07, 7.029855e-07, 7.071418e-07, 7.113422e-07, 7.155807e-07, 7.198512e-07, 7.241478e-07, 7.284648e-07, 7.327964e-07, 7.371372e-07, 7.414816e-07, 7.458246e-07, 7.501612e-07, 7.544866e-07, 7.587962e-07, 7.630857e-07, 7.673509e-07, 7.715878e-07, 7.757927e-07, 7.799621e-07, 7.840926e-07, 7.881813e-07, 7.922255e-07, 7.962226e-07, 8.001711e-07,output_tran/tran_SchGtKttmmTtVt_20
4.661274e-07, 4.726147e-07, 4.79088e-07, 4.855487e-07, 4.919969e-07, 4.984316e-07, 5.048509e-07, 5.11252e-07, 5.17632e-07, 5.239872e-07, 5.310151e-07, 5.373317e-07, 5.435857e-07, 5.497994e-07, 5.559691e-07, 5.62091e-07, 5.681614e-07, 5.741767e-07, 5.801335e-07, 5.860284e-07, 5.918583e-07, 5.976203e-07, 6.033114e-07, 6.089291e-07, 6.144707e-07, 6.19934e-07, 6.253169e-07, 6.306172e-07, 6.358334e-07, 6.409636e-07, 6.460065e-07, 6.509608e-07, 6.558256e-07, 6.606e-07, 6.652835e-07, 6.698758e-07, 6.743774e-07,output_tran/tran_SchGtKttmmTtVt_21
7.017698e-07, 7.071989e-07, 7.125861e-07, 7.179365e-07, 7.232546e-07, 7.285435e-07, 7.338054e-07, 7.390415e-07, 7.442521e-07, 7.494366e-07, 7.553262e-07, 7.604612e-07, 7.655537e-07, 7.706125e-07, 7.756349e-07, 7.80618e-07, 7.855589e-07, 7.904545e-07, 7.953016e-07, 8.000971e-07, 8.048381e-07, 8.095214e-07, 8.141443e-07, 8.187038e-07, 8.231974e-07, 8.276225e-07, 8.319766e-07, 8.362575e-07, 8.40463e-07, 8.445913e-07, 8.486404e-07, 8.526088e-07, 8.564952e-07, 8.602983e-07, 8.640171e-07, 8.676509e-07, 8.711999e-07,output_tran/tran_SchGtKttmmTtVt_22
5.562619e-07, 5.607643e-07, 5.652933e-07, 5.698545e-07, 5.744515e-07, 5.790862e-07, 5.837588e-07, 5.88468e-07, 5.932116e-07, 5.979862e-07, 6.027879e-07, 6.083197e-07, 6.131762e-07, 6.180255e-07, 6.228814e-07, 6.277382e-07, 6.325905e-07, 6.374325e-07, 6.422588e-07, 6.470639e-07, 6.518423e-07, 6.565891e-07, 6.612992e-07, 6.659677e-07, 6.705903e-07, 6.751625e-07, 6.796802e-07, 6.841396e-07, 6.885372e-07, 6.928697e-07, 6.971341e-07, 7.013276e-07, 7.05448e-07, 7.094931e-07, 7.134613e-07, 7.173511e-07, 7.211625e-07,output_tran/tran_SchGtKttmmTtVt_23
4.360809e-07, 4.441449e-07, 4.521928e-07, 4.602192e-07, 4.682184e-07, 4.761843e-07, 4.841103e-07, 4.919902e-07, 4.998174e-07, 5.075855e-07, 5.152883e-07, 5.23613e-07, 5.31189e-07, 5.386558e-07, 5.460338e-07, 5.53318e-07, 5.605035e-07, 5.675855e-07, 5.745595e-07, 5.814214e-07, 5.881671e-07, 5.947931e-07, 6.012957e-07, 6.076719e-07, 6.139186e-07, 6.200334e-07, 6.260137e-07, 6.318575e-07, 6.37563e-07, 6.431286e-07, 6.48553e-07, 6.538355e-07, 6.589754e-07, 6.639724e-07, 6.688268e-07, 6.73539e-07, 6.781098e-07,output_tran/tran_SchGtKttmmTtVt_24
5.52734e-07, 5.557881e-07, 5.588632e-07, 5.619778e-07, 5.651456e-07, 5.683761e-07, 5.716757e-07, 5.750478e-07, 5.784938e-07, 5.820133e-07, 5.856043e-07, 5.899667e-07, 5.937074e-07, 5.974863e-07, 6.013195e-07, 6.052015e-07, 6.091268e-07, 6.130893e-07, 6.170831e-07, 6.211021e-07, 6.251403e-07, 6.291921e-07, 6.332515e-07, 6.37313e-07, 6.413713e-07, 6.454212e-07, 6.494577e-07, 6.53476e-07, 6.574717e-07, 6.614404e-07, 6.653783e-07, 6.692816e-07, 6.731468e-07, 6.769709e-07, 6.807512e-07, 6.84485e-07, 6.881712e-07,output_tran/tran_SchGtKttmmTtVt_25
3.632372e-07, 3.68232e-07, 3.73282e-07, 3.783891e-07, 3.835532e-07, 3.887728e-07, 3.94045e-07, 3.99366e-07, 4.047313e-07, 4.101358e-07, 4.15574e-07, 4.210404e-07, 4.272257e-07, 4.327315e-07, 4.382426e-07, 4.437581e-07, 4.492724e-07, 4.547798e-07, 4.602749e-07, 4.657522e-07, 4.712067e-07, 4.766333e-07, 4.820274e-07, 4.873845e-07, 4.927001e-07, 4.979703e-07, 5.031913e-07, 5.083595e-07, 5.134716e-07, 5.185246e-07, 5.235158e-07, 5.284427e-07, 5.333032e-07, 5.380956e-07, 5.428184e-07, 5.474708e-07, 5.52052e-07,output_tran/tran_SchGtKttmmTtVt_26
5.177074e-07, 5.232827e-07, 5.288546e-07, 5.344288e-07, 5.400086e-07, 5.455954e-07, 5.51189e-07, 5.567877e-07, 5.623892e-07, 5.679902e-07, 5.735868e-07, 5.798921e-07, 5.854685e-07, 5.910238e-07, 5.965542e-07, 6.020572e-07, 6.075282e-07, 6.129623e-07, 6.18355e-07, 6.237016e-07, 6.289978e-07, 6.342394e-07, 6.394223e-07, 6.445427e-07, 6.495969e-07, 6.545814e-07, 6.59493e-07, 6.643288e-07, 6.690859e-07, 6.737618e-07, 6.783542e-07, 6.828611e-07, 6.872808e-07, 6.916117e-07, 6.958529e-07, 7.000033e-07, 7.040634e-07,output_tran/tran_SchGtKttmmTtVt_27
2.589004e-07, 2.648089e-07, 2.707933e-07, 2.768483e-07, 2.829677e-07, 2.891448e-07, 2.953726e-07, 3.016437e-07, 3.079511e-07, 3.149816e-07, 3.213432e-07, 3.277131e-07, 3.340918e-07, 3.404733e-07, 3.468519e-07, 3.532219e-07, 3.595781e-07, 3.659153e-07, 3.722289e-07, 3.785143e-07, 3.847672e-07, 3.909838e-07, 3.9716e-07, 4.032925e-07, 4.093779e-07, 4.154129e-07, 4.213948e-07, 4.273208e-07, 4.331883e-07, 4.38995e-07, 4.447389e-07, 4.504181e-07, 4.560308e-07, 4.615759e-07, 4.670518e-07, 4.724587e-07, 4.777958e-07,output_tran/tran_SchGtKttmmTtVt_28
5.29608e-07, 5.324841e-07, 5.353962e-07, 5.38359e-07, 5.413827e-07, 5.444741e-07, 5.47637e-07, 5.508731e-07, 5.541825e-07, 5.575637e-07, 5.610145e-07, 5.652356e-07, 5.688289e-07, 5.724629e-07, 5.761512e-07, 5.798892e-07, 5.836727e-07, 5.87497e-07, 5.913578e-07, 5.952505e-07, 5.991709e-07, 6.031149e-07, 6.070785e-07, 6.110578e-07, 6.150491e-07, 6.190488e-07, 6.230536e-07, 6.270602e-07, 6.310655e-07, 6.350666e-07, 6.390607e-07, 6.430451e-07, 6.470175e-07, 6.509756e-07, 6.549172e-07, 6.588403e-07, 6.627444e-07,output_tran/tran_SchGtKttmmTtVt_29
0.4247606, 0.4304568, 0.4361536, 0.4418556, 0.44756480000000004, 0.453282, 0.45900620000000003, 0.46473509999999996, 0.4704658, 0.47619480000000003, 0.4819179, 0.4876306, 0.49403, 0.49971190000000004, 0.5053602, 0.5109785, 0.516562, 0.5221058000000001, 0.5276052, 0.5330556999999999, 0.5384528, 0.5437923, 0.5490701, 0.5542825, 0.5594257, 0.5644964, 0.5694915, 0.5744079999999999, 0.5792433, 0.5839951, 0.5886612, 0.5932398000000001, 0.5977294000000001, 0.6021289000000001, 0.6064374, 0.6106541, 0.6147801,output_tran/tran_SchGtKttmmTtVt
0.4765662, 0.484951, 0.49328200000000005, 0.5015558, 0.5097684, 0.517915, 0.5259906, 0.5339897, 0.5419067, 0.5497361, 0.5574722999999999, 0.5651096, 0.5733619, 0.5807815000000001, 0.5880859, 0.5952704999999999, 0.6023305999999999, 0.6092617, 0.6160595, 0.62272, 0.6292395, 0.6356144, 0.6418415000000001, 0.6479179, 0.653841, 0.6596085, 0.6652183, 0.6706689, 0.675959, 0.6810876, 0.6860539999999999, 0.6908582, 0.6955002, 0.6999807, 0.7043006, 0.7084615, 0.7124649,output_tran/tran_SchGtKttmmTtVt_1
0.48648579999999997, 0.492359, 0.4982091, 0.5040419, 0.5098615, 0.5156699, 0.5214681, 0.5272557999999999, 0.5330318, 0.5387944, 0.544541, 0.5509900999999999, 0.5566918999999999, 0.5623681, 0.5680156, 0.5736308, 0.5792103, 0.5847504, 0.5902477, 0.5956987, 0.6011001, 0.6064485, 0.611741, 0.6169743000000001, 0.6221458, 0.6272527, 0.6322924, 0.6372625000000001, 0.6421608, 0.6469853000000001, 0.6517341, 0.6564054, 0.660998, 0.6655106000000001, 0.6699422, 0.6742918999999999, 0.6785602,output_tran/tran_SchGtKttmmTtVt_2
0.3766142, 0.38392930000000003, 0.3912353, 0.3985294, 0.40580829999999996, 0.4130682, 0.4203047, 0.4275134, 0.4346899, 0.4418297, 0.4489284, 0.45667080000000004, 0.4636931, 0.4706393, 0.47752789999999995, 0.4843554, 0.4911185, 0.49781380000000003, 0.5044383, 0.5109891, 0.5174633, 0.5238585, 0.5301723, 0.5364024, 0.5425468, 0.5486036, 0.5545711999999999, 0.5604480000000001, 0.5662326, 0.5719238, 0.5775207, 0.5830225, 0.5884285, 0.5937385000000001, 0.5989522, 0.60407, 0.6090923,output_tran/tran_SchGtKttmmTtVt_3
0.5244132, 0.5311053, 0.5377825, 0.5444456, 0.5510942000000001, 0.5577266, 0.5643401, 0.5709315, 0.5774967, 0.5847543000000001, 0.591264, 0.5977192, 0.6041293000000001, 0.6104895, 0.6167950000000001, 0.6230408, 0.6292221, 0.6353343, 0.6413727, 0.6473329000000001, 0.6532108, 0.6590023, 0.6647035, 0.6703109, 0.6758211000000001, 0.6812307999999999, 0.6865373, 0.6917377, 0.6968297, 0.7018111, 0.7066800999999999, 0.7114349000000001, 0.7160744, 0.7205976000000001, 0.7250037, 0.7292931, 0.7334655999999999,output_tran/tran_SchGtKttmmTtVt_4
0.4066043, 0.41321589999999997, 0.419808, 0.42638339999999997, 0.43294320000000003, 0.43948719999999997, 0.4460144, 0.4525228, 0.45901, 0.46547299999999997, 0.47260349999999995, 0.4790296, 0.4853954, 0.4917228, 0.49800829999999996, 0.5042483, 0.5104392999999999, 0.5165776999999999, 0.5226602, 0.5286836, 0.5346447, 0.5405407, 0.5463685, 0.5521257, 0.5578097, 0.5634182999999999, 0.5689492, 0.5744005, 0.5797704, 0.5850571999999999, 0.5902595, 0.5953761, 0.600406, 0.6053483000000001, 0.6102022, 0.6149684, 0.6196464,output_tran/tran_SchGtKttmmTtVt_5
0.5286772, 0.5334673, 0.5382991, 0.5431781999999999, 0.5481073, 0.5530872, 0.5581167, 0.5631938000000001, 0.5683151, 0.573477, 0.5786749, 0.5839042, 0.5898792, 0.5951525, 0.6004417, 0.6057419, 0.6110483, 0.6163561000000001, 0.6216603, 0.6269563, 0.6322397, 0.6375058, 0.6427506, 0.6479699, 0.6531597, 0.6583164, 0.6634363000000001, 0.6685158, 0.6735519, 0.6785413, 0.6834811000000001, 0.6883686, 0.6932014, 0.6979770000000001, 0.7026936, 0.7073495, 0.7119430999999999,output_tran/tran_SchGtKttmmTtVt_6
0.4569365, 0.4620807, 0.46722579999999997, 0.4723808, 0.4775519, 0.48274290000000003, 0.48795569999999994, 0.4931911, 0.49844830000000007, 0.503726, 0.5090222, 0.5150455, 0.5203768000000001, 0.5257079, 0.531046, 0.5363880000000001, 0.5417308, 0.5470713, 0.5524063, 0.5577328, 0.5630481, 0.5683493000000001, 0.5736336999999999, 0.5788987, 0.5841417999999999, 0.5893609, 0.5945535, 0.5997176, 0.604851, 0.6099519, 0.6150184, 0.6200488, 0.6250415, 0.6299949, 0.6349079, 0.639779, 0.6446083,output_tran/tran_SchGtKttmmTtVt_7
0.4329791, 0.4386029, 0.4442653, 0.4499687, 0.4557137, 0.4614993, 0.4673231, 0.4731819, 0.4790713, 0.4849868, 0.4909229, 0.4975895, 0.5035463, 0.5095063000000001, 0.5154637999999999, 0.5214132, 0.5273485, 0.5332641, 0.5391544, 0.5450138, 0.5508371, 0.5566192, 0.5623551, 0.5680402, 0.57367, 0.5792402999999999, 0.5847472, 0.5901869, 0.595556, 0.6008515, 0.6060704, 0.6112102, 0.6162689, 0.6212446, 0.6261359000000001, 0.6309415, 0.6356619,output_tran/tran_SchGtKttmmTtVt_8
0.6158123000000001, 0.6215134, 0.6270927, 0.6325748, 0.6379783, 0.6433169000000001, 0.6486010000000001, 0.6538381, 0.6590336, 0.6641912, 0.6700365, 0.6751360000000001, 0.6801895, 0.6852062, 0.6901889, 0.6951366999999999, 0.7000484, 0.7049225, 0.7097574999999999, 0.7145515, 0.7193029, 0.7240098, 0.7286703999999999, 0.7332829000000001, 0.7378455, 0.7423566, 0.7468144, 0.7512172, 0.7555637000000001, 0.7598522, 0.7640814, 0.7682500999999999, 0.772357, 0.7764011, 0.7803816, 0.7842975, 0.788149,output_tran/tran_SchGtKttmmTtVt_9
0.48620340000000006, 0.4914348, 0.4966663, 0.5019049, 0.5071557, 0.5124212, 0.5177025, 0.522999, 0.528309, 0.5336299, 0.5389585, 0.5450119999999999, 0.5503404, 0.5556631, 0.560976, 0.5662744, 0.5715535, 0.5768084, 0.5820344, 0.5872267999999999, 0.5923807999999999, 0.5974921999999999, 0.6025566, 0.6075698, 0.612528, 0.6174276, 0.6222650000000001, 0.6270371, 0.6317408, 0.6363734, 0.6409324, 0.6454158, 0.6498216, 0.6541482000000001, 0.6583946, 0.6625595, 0.6666435,output_tran/tran_SchGtKttmmTtVt_10
0.4647713, 0.47014639999999996, 0.4755418, 0.480961, 0.4864059, 0.49187640000000005, 0.49737059999999994, 0.5028859, 0.5084187, 0.5139646, 0.5195189, 0.5250765000000001, 0.5313472, 0.5368917, 0.5424224999999999, 0.5479346, 0.5534229, 0.5588822, 0.5643073, 0.5696934, 0.5750358, 0.5803298, 0.5855712, 0.5907559, 0.59588, 0.6009399000000001, 0.6059321, 0.6108537, 0.6157016, 0.6204732000000001, 0.6251663, 0.6297787, 0.6343088, 0.638755, 0.6431164, 0.6473917, 0.6515821,output_tran/tran_SchGtKttmmTtVt_11
0.65369, 0.6588013, 0.6638639000000001, 0.6688903, 0.67389, 0.6788694000000001, 0.683833, 0.6887834, 0.693722, 0.6993893, 0.7043046000000001, 0.7092012000000001, 0.7140825999999999, 0.7189468999999999, 0.7237916, 0.7286142000000001, 0.7334121, 0.7381825999999999, 0.7429228, 0.7476299, 0.7523014, 0.7569345, 0.7615267, 0.7660753, 0.7705781, 0.7750327, 0.7794369999999999, 0.7837888000000001, 0.7880862000000001, 0.7923273, 0.7965104000000001, 0.800634, 0.8046966, 0.8086968999999999, 0.8126340000000001, 0.8165068000000001, 0.8203153000000001,output_tran/tran_SchGtKttmmTtVt_12
0.6349859, 0.6389549, 0.6428612, 0.6467258, 0.650565, 0.654391, 0.6582131, 0.6620378, 0.6658699, 0.6704398, 0.6743003, 0.6781644, 0.6820371, 0.6859202, 0.6898121, 0.6937105, 0.6976131, 0.7015171, 0.7054195, 0.7093174999999999, 0.7132080000000001, 0.7170879, 0.7209542000000001, 0.7248039, 0.7286342, 0.7324419999999999, 0.7362248, 0.7399796999999999, 0.7437043, 0.7473961, 0.7510529, 0.7546723000000001, 0.7582526, 0.7617917000000001, 0.7652881, 0.7687403, 0.7721475999999999,output_tran/tran_SchGtKttmmTtVt_13
0.5423832000000001, 0.5446691, 0.5469889, 0.5493617, 0.5518019, 0.5543199, 0.5569226, 0.5596144000000001, 0.5623973, 0.565272, 0.5682375, 0.5720148, 0.5751506, 0.5783688, 0.5816657, 0.5850373, 0.5884790999999999, 0.5919867000000001, 0.5955556000000001, 0.5991810999999999, 0.6028587, 0.6065839, 0.6103523, 0.6141595999999999, 0.6180016, 0.6218742, 0.6257732, 0.6296949000000001, 0.6336353, 0.6375909, 0.6415579, 0.6455329000000001, 0.6495125, 0.6534936, 0.6574732000000001, 0.6614483999999999, 0.6654171,output_tran/tran_SchGtKttmmTtVt_14
0.40900770000000003, 0.41338969999999997, 0.4178243, 0.4223181, 0.4268751, 0.43149699999999996, 0.4361838, 0.4409341, 0.4457451, 0.4506136, 0.45553530000000003, 0.4612111, 0.4662308, 0.4712804, 0.4763641, 0.4814771, 0.4866143, 0.49177079999999995, 0.4969419, 0.5021229, 0.5073094, 0.5124968, 0.5176812000000001, 0.5228583, 0.5280245, 0.5331758999999999, 0.5383092, 0.5434209, 0.5485078000000001, 0.553567, 0.5585956, 0.563591, 0.5685506, 0.5734723, 0.5783541, 0.583194, 0.5879915,output_tran/tran_SchGtKttmmTtVt_15
0.6509343, 0.6562174, 0.6614945, 0.6667683999999999, 0.6720416, 0.6773155, 0.6825904, 0.6878659, 0.6931406, 0.6984125, 0.7044032, 0.7096738, 0.714916, 0.7201428000000001, 0.7253508, 0.7305362, 0.7356953, 0.7408241, 0.745919, 0.7509762000000001, 0.7559922, 0.7609634, 0.7658864, 0.770758, 0.775575, 0.7803346, 0.7850338, 0.78967, 0.7942407, 0.7987436, 0.8031765, 0.8075375, 0.8118247000000001, 0.8160367000000001, 0.8201723, 0.82423, 0.82821,output_tran/tran_SchGtKttmmTtVt_16
0.5598778, 0.5640678, 0.5682652, 0.5724807, 0.5767226, 0.5809964, 0.5853054000000001, 0.5896509, 0.5940331, 0.5984508000000001, 0.6029019, 0.6081112999999999, 0.6126159, 0.6171434, 0.6216901, 0.6262517, 0.6308238, 0.635402, 0.6399817, 0.6445584999999999, 0.6491281999999999, 0.6536864, 0.658229, 0.662752, 0.6672515, 0.671724, 0.6761658, 0.6805736, 0.6849442, 0.6892747, 0.6935623, 0.6978043, 0.7019983, 0.7061423, 0.7102343999999999, 0.7142729, 0.718257,output_tran/tran_SchGtKttmmTtVt_17
0.387019, 0.3933452, 0.3996966, 0.406073, 0.4124733, 0.4188949, 0.4253343, 0.43178740000000004, 0.43824959999999996, 0.4447157, 0.4511805, 0.45818780000000003, 0.4647927, 0.4712163, 0.47761610000000004, 0.4839868, 0.49032319999999996, 0.4966199, 0.5028718, 0.5090739, 0.5152215, 0.5213097999999999, 0.5273345, 0.5332913, 0.5391762, 0.5449855, 0.5507155, 0.5563631, 0.5619252, 0.5673989, 0.572782, 0.5780721000000001, 0.5832675, 0.5883666999999999, 0.5933685, 0.5982723, 0.6030776999999999,output_tran/tran_SchGtKttmmTtVt_18
0.541468, 0.5464285, 0.5513836000000001, 0.5563418, 0.5613091, 0.5662899, 0.571286, 0.5762982, 0.5813256, 0.5863662000000001, 0.5914171, 0.5964748, 0.6022544999999999, 0.6073086, 0.6123556, 0.6173906, 0.6224086, 0.6274044, 0.6323728, 0.6373087000000001, 0.6422072000000001, 0.6470633, 0.6518723, 0.6566298, 0.6613314, 0.6659731, 0.670551, 0.6750616, 0.6795014, 0.6838674, 0.6881569, 0.6923674000000001, 0.6964967, 0.700543, 0.7045048, 0.7083808, 0.7121713000000001,output_tran/tran_SchGtKttmmTtVt_19
0.6542389, 0.6575025999999999, 0.6608233, 0.6642115000000001, 0.6676742, 0.6712156, 0.6748374, 0.6785392, 0.6823195000000001, 0.6861752, 0.6908357, 0.6948288, 0.6988793, 0.7029855, 0.7071417999999999, 0.7113421999999999, 0.7155807, 0.7198512, 0.7241478, 0.7284648, 0.7327964, 0.7371371999999999, 0.7414816, 0.7458246, 0.7501612, 0.7544866, 0.7587962, 0.7630857, 0.7673509000000001, 0.7715877999999999, 0.7757927, 0.7799621, 0.7840926, 0.7881813, 0.7922255, 0.7962226, 0.8001710999999999,output_tran/tran_SchGtKttmmTtVt_20
0.4661274, 0.4726147, 0.47908799999999996, 0.4855487, 0.4919969, 0.49843160000000003, 0.5048509, 0.511252, 0.517632, 0.5239872, 0.5310151, 0.5373317000000001, 0.5435857, 0.5497993999999999, 0.5559691, 0.5620909999999999, 0.5681613999999999, 0.5741767, 0.5801335000000001, 0.5860284, 0.5918583000000001, 0.5976203, 0.6033113999999999, 0.6089291, 0.6144707, 0.619934, 0.6253169, 0.6306172, 0.6358334, 0.6409636, 0.6460065, 0.6509608, 0.6558256, 0.6606, 0.6652835, 0.6698758, 0.6743774,output_tran/tran_SchGtKttmmTtVt_21
0.7017698, 0.7071989, 0.7125861, 0.7179365, 0.7232546, 0.7285435, 0.7338053999999999, 0.7390415, 0.7442521, 0.7494366, 0.7553262, 0.7604612000000001, 0.7655537, 0.7706125, 0.7756349, 0.7806179999999999, 0.7855589000000001, 0.7904545000000001, 0.7953016, 0.8000971, 0.8048381, 0.8095214, 0.8141443, 0.8187038, 0.8231974, 0.8276225, 0.8319766, 0.8362575, 0.840463, 0.8445913, 0.8486404000000001, 0.8526088000000001, 0.8564952, 0.8602983000000001, 0.8640171, 0.8676509, 0.8711999,output_tran/tran_SchGtKttmmTtVt_22
0.5562619000000001, 0.5607643, 0.5652933, 0.5698544999999999, 0.5744515, 0.5790862, 0.5837588, 0.588468, 0.5932116000000001, 0.5979861999999999, 0.6027879, 0.6083196999999999, 0.6131762, 0.6180255, 0.6228813999999999, 0.6277382, 0.6325905000000001, 0.6374325, 0.6422588, 0.6470639, 0.6518423, 0.6565891, 0.6612992, 0.6659676999999999, 0.6705903, 0.6751625, 0.6796802, 0.6841396000000001, 0.6885372, 0.6928696999999999, 0.6971341, 0.7013276, 0.705448, 0.7094931, 0.7134613000000001, 0.7173511, 0.7211625,output_tran/tran_SchGtKttmmTtVt_23
0.4360809, 0.4441449, 0.4521928, 0.4602192, 0.46821840000000003, 0.4761843, 0.48411030000000005, 0.49199020000000004, 0.49981739999999997, 0.5075855, 0.5152883, 0.523613, 0.531189, 0.5386558, 0.5460338, 0.553318, 0.5605034999999999, 0.5675855, 0.5745595, 0.5814214, 0.5881671, 0.5947931, 0.6012957, 0.6076719, 0.6139186, 0.6200334000000001, 0.6260137, 0.6318575000000001, 0.637563, 0.6431286, 0.648553, 0.6538355, 0.6589754, 0.6639723999999999, 0.6688267999999999, 0.673539, 0.6781098,output_tran/tran_SchGtKttmmTtVt_24
0.5527340000000001, 0.5557881, 0.5588632, 0.5619778, 0.5651456, 0.5683761, 0.5716757, 0.5750478, 0.5784938000000001, 0.5820133, 0.5856043, 0.5899667, 0.5937074, 0.5974862999999999, 0.6013195, 0.6052015, 0.6091268000000001, 0.6130893000000001, 0.6170831, 0.6211021, 0.6251403, 0.6291921, 0.6332515, 0.6373129999999999, 0.6413713, 0.6454212, 0.6494576999999999, 0.6534760000000001, 0.6574717, 0.6614404, 0.6653783, 0.6692815999999999, 0.6731468, 0.6769709, 0.6807512, 0.684485, 0.6881712,output_tran/tran_SchGtKttmmTtVt_25
0.36323720000000004, 0.368232, 0.373282, 0.37838910000000003, 0.3835532, 0.3887728, 0.394045, 0.399366, 0.4047313, 0.4101358, 0.415574, 0.4210404, 0.4272257, 0.43273150000000005, 0.4382426, 0.4437581, 0.4492724, 0.4547798, 0.46027490000000004, 0.4657522, 0.4712067, 0.4766333, 0.4820274, 0.4873845, 0.49270010000000003, 0.4979703, 0.5031913, 0.5083595000000001, 0.5134716, 0.5185246, 0.5235158, 0.5284426999999999, 0.5333032, 0.5380956, 0.5428183999999999, 0.5474708, 0.552052,output_tran/tran_SchGtKttmmTtVt_26
0.5177074, 0.5232827, 0.5288546, 0.5344288, 0.5400086, 0.5455954, 0.551189, 0.5567877, 0.5623892, 0.5679902, 0.5735868, 0.5798921, 0.5854685000000001, 0.5910238, 0.5965542, 0.6020572, 0.6075282000000001, 0.6129623000000001, 0.618355, 0.6237016000000001, 0.6289977999999999, 0.6342394, 0.6394223, 0.6445427, 0.6495968999999999, 0.6545814, 0.659493, 0.6643288, 0.6690859, 0.6737618000000001, 0.6783542, 0.6828611, 0.6872808, 0.6916116999999999, 0.6958529, 0.7000033, 0.7040634,output_tran/tran_SchGtKttmmTtVt_27
0.2589004, 0.26480889999999996, 0.2707933, 0.27684830000000005, 0.28296770000000004, 0.2891448, 0.2953726, 0.3016437, 0.30795110000000003, 0.31498160000000003, 0.3213432, 0.3277131, 0.3340918, 0.3404733, 0.34685190000000005, 0.3532219, 0.3595781, 0.3659153, 0.37222890000000003, 0.3785143, 0.3847672, 0.3909838, 0.39716, 0.4032925, 0.40937789999999996, 0.41541290000000003, 0.42139479999999996, 0.4273208, 0.4331883, 0.438995, 0.4447389, 0.45041810000000004, 0.45603079999999996, 0.4615759, 0.4670518, 0.47245869999999995, 0.4777958,output_tran/tran_SchGtKttmmTtVt_28
0.529608, 0.5324841, 0.5353962, 0.538359, 0.5413827, 0.5444741, 0.547637, 0.5508731, 0.5541824999999999, 0.5575637, 0.5610145, 0.5652356, 0.5688289, 0.5724629, 0.5761512, 0.5798892000000001, 0.5836726999999999, 0.587497, 0.5913577999999999, 0.5952504999999999, 0.5991709000000001, 0.6031149, 0.6070785, 0.6110578, 0.6150490999999999, 0.6190488000000001, 0.6230536000000001, 0.6270602000000001, 0.6310655, 0.6350666, 0.6390607, 0.6430451, 0.6470174999999999, 0.6509756, 0.6549172, 0.6588403, 0.6627444,output_tran/tran_SchGtKttmmTtVt_29
